4977 15552 -3554
 4588 14884 -3519
 4959 14832 -3405
 5215 14847 -3309
 4830 16304 -4025
 3895 14433 -4466
 151 13506 -2863
 2369 17037 -4089
 1158 13830 -4288
 87 15169 -5169
 679 15466 -5139
 341 15593 -3390
 1058 15954 -3269
 2837 17266 -3745
 1618 15705 -3079
 1564 15580 -3089
 1686 15552 -3068
 2056 15840 -2772
 1802 15827 -3384
 2157 15636 -2839
 2683 15821 -3004
 2633 15589 -3239
 3264 15430 -3615
 3289 15834 -2962
 3397 15471 -3346
 3580 15460 -3073
 3352 15286 -3481
 3136 15242 -3913
 3220 15320 -4138
 3372 15350 -4459
 3185 15333 -4802
 3336 15257 -4663
 3476 14982 -4271
 3229 15092 -4414
 3438 15258 -4395
 3471 15225 -4245
 3525 15242 -4340
 3526 15257 -4846
 2699 14517 -4693
 3086 15360 -4818
 3520 15375 -4804
 2858 15353 -4852
 2649 15491 -5101
 2533 15287 -5039
 2586 15256 -4848
 2589 15272 -4619
 2843 15343 -4622
 3050 15286 -4354
 3220 15475 -4509
 3325 15192 -4657
 3349 15181 -4652
 3439 15159 -4561
 3019 14740 -5112
 3275 14860 -4839
Repetition Start
 3542 14632 -5462
 3416 15063 -5870
 3795 15477 -6707
 3553 14273 -6273
 3862 14063 -6012
 3739 12823 -6300
 3136 14157 -7135
 3073 12921 -6314
 3934 13520 -6311
 4109 14635 -8846
 1253 16816 -10752
 8120 15801 -11851
 3249 15452 26
 2350 11351 1532
 1400 11792 9
 1813 14593 1989
 2405 15373 1474
 1691 16561 1165
 1275 17505 550
 2738 18178 -627
 1555 17666 1165
 2544 17360 629
 1660 17435 711
 1985 18974 612
 2236 18762 884
 2165 19263 993
 3915 19144 2116
 2691 17500 1963
 2612 17250 2647
 2730 19829 598
 3574 21113 167
 2990 12199 -4195
 869 8988 -4343
 1343 11183 -4932
 4216 11635 -4511
 2095 10051 -4569
 3746 16266 -8291
 2241 18132 -8595
Repetition End
1
 2643 12988 -6823
 5409 12181 -4509
 2510 17286 -6577
 1994 12096 -3227
 3620 13230 -4999
Repetition Start
 1717 15655 -7343
 2562 15436 -5527
 3236 14970 -5682
 2890 15216 -6843
 2880 14226 -6459
 2998 15101 -6163
 2817 14743 -5479
 2029 13102 -4556
 3455 14730 -6036
 1796 14931 -7744
 2407 13723 -5984
 1397 13247 -6155
 1579 14074 -9226
 1103 13115 -9479
 2080 13848 -10439
 2587 13644 -9192
 4799 10945 -10532
 3460 14729 -5065
 3256 13308 -2567
 4941 14926 -1422
 4136 15318 -950
 4840 15860 -971
 4404 15999 -1702
 3943 16167 -1016
 4673 18651 618
 2929 17942 -710
 3263 18884 -649
 2460 18410 -296
 3984 17974 864
 4561 17666 544
 5205 18075 -407
 5074 17248 18
 5714 16922 221
 5077 16753 10
 5517 17644 16
 1944 13435 -2726
 260 9241 -6197
 3480 19518 -2989
 385 12891 -5939
 664 12569 -5957
 2330 14374 -4245
 1452 12942 -3830
Repetition End
1
 1185 14730 -4182
 1443 14965 -4304
 1116 14090 -4092
 1652 14585 -3181
 2481 13345 -2202
 2903 16398 -4195
Repetition Start
 3021 15577 -4764
 3304 14769 -5427
 2886 15647 -5260
 3063 14909 -4567
 3466 15096 -4861
 2797 15156 -5331
 2168 15107 -5417
 2954 13807 -4942
 3313 15564 -5777
 2756 12851 -6851
 3410 12933 -6810
 4375 11579 -5960
 2411 11722 -4719
 4788 13445 -7345
 3047 13175 -8365
 2826 20525 -6524
 4064 17374 -1910
 2513 14097 45
 1210 16943 -544
 1652 17657 -581
 1261 14851 -838
 87 17276 -609
 989 16734 -57
 1760 17366 1037
 1379 17803 865
 2188 17345 1768
 2562 17722 1259
 2364 18502 1465
 2569 18929 1282
 2782 18702 1341
 2626 18317 1620
 3456 18480 2756
 2962 18093 67
 1866 18941 -1369
 3803 13685 -3434
 -3253 11690 -6885
 1013 12558 -6960
 3668 10681 -5448
 3064 11026 -5114
 2767 16873 -4180
 1197 14068 -7241
 3389 12685 -6367
 2085 13293 -4753
Repetition End
1
 626 15834 -4935
 2026 14271 -5321
 993 13710 -4424
 2604 14819 -5248
 2726 15180 -5443
 3587 14667 -4561
Repetition Start
 3337 14464 -4979
 3134 14777 -5180
 3647 14555 -5833
 2521 14710 -4909
 1992 13749 -5687
 1504 12959 -6815
 1850 15176 -9101
 2281 13242 -7431
 1322 12090 -8198
 1281 12120 -9061
 761 13118 -9930
 1211 12362 -10697
 6529 16774 -1863
 553 8191 -8852
 1059 14904 -4853
 3055 18310 -2075
 3739 17641 -503
 3419 14774 342
 2393 15705 -604
 3145 16751 -459
 2905 18034 363
 2339 18343 -402
 2379 17982 474
 2109 18697 516
 1647 18093 440
 2583 18254 1410
 2201 17727 1190
 2780 17400 1652
 3651 16593 1987
 3480 16044 521
 3772 15179 -1175
 3677 14642 -1840
 2784 13661 -4905
 322 10503 -8062
 3921 16080 -3407
 1526 13749 -9415
 1198 14910 -7726
 1859 14811 -6438
 1721 14327 -5556
 1369 12642 -5305
 2127 15538 -6428
Repetition End
1
 2496 14786 -6662
 3665 14193 -1909
 2309 15782 -5657
 2769 15225 -6056
Repetition Start
 3106 15224 -5044
 3062 14822 -5710
 3108 14894 -5849
 3211 14398 -5364
 3048 14467 -6481
 2876 13859 -7737
 3375 14185 -7662
 2556 12666 -7044
 3247 11125 -6625
 2103 9471 -6760
 4881 14968 -6892
 2314 14198 -10743
 618 18245 -6979
 2384 14192 604
 2812 11681 -2931
 3886 13972 -925
 3215 16506 -761
 2427 16803 565
 4152 18427 809
 3561 17192 -204
 3617 18245 1634
 5679 17554 1823
 4055 17892 1666
 5704 17107 3243
 4674 17021 3815
 4965 17110 3829
 4581 16473 3309
 3771 15626 2870
 3313 17582 2965
 4229 20518 1548
 4631 16602 -1079
 4241 10519 -5038
 4484 12024 -4393
 3093 11846 -3422
 6747 12165 -5395
 6645 12927 -7420
 6088 14812 -5733
 4441 13744 -4430
 5115 14014 -3421
 5546 13233 -3739
Repetition End
1
 4674 15444 -6784
 1959 14844 -2355
 4451 16539 -4536
 3626 15271 -4436
 2608 15301 -4796
Repetition Start
 2844 15401 -4727
 3429 15523 -5165
 3076 14857 -5674
 3509 15162 -5050
 1706 14546 -4305
 1916 13799 -6575
 1962 14220 -7764
 2005 13049 -7660
 847 11280 -6244
 1162 11969 -7286
 891 13898 -10006
 124 12687 -11351
 1948 11500 -9361
 4482 15385 -3348
 2383 14822 -2180
 3550 15920 -2894
 4059 15583 -267
 3270 15393 -252
 3003 15663 180
 3815 17401 245
 3793 18629 641
 3328 18914 792
 3225 19570 -57
 3942 18815 2110
 4296 17967 2816
 4143 17367 3225
 4350 17439 3288
 4095 16686 2805
 4784 16547 2082
 4404 14925 -1029
 3406 13540 -2817
 -684 10901 -9224
 3275 18895 -6813
 478 13091 -7668
 583 11947 -6708
 1257 14083 -5025
 1817 16167 -5287
 1867 13934 -6356
 537 12971 -5314
Repetition End
1
 1876 14943 -4593
 5672 19169 -5839
 2492 11017 -3636
 2545 14000 -5675
Repetition Start
 3071 14597 -5969
 3797 14953 -5389
 2961 15016 -5086
 3500 14484 -5166
 3614 14486 -5793
 3716 14302 -6360
 3781 14113 -6887
 3798 14323 -6950
 3893 13917 -7375
 3567 12738 -7702
 3785 12605 -7930
 4165 12086 -7540
 5658 14059 -7945
 3026 15185 -10232
 1628 15354 -7066
 1292 9765 -543
 1868 16912 -1050
 1619 16827 -1162
 2553 17210 623
 3367 16654 1329
 2937 18097 1003
 1701 18941 1524
 341 19091 2609
 -10 19037 3321
 765 19476 3941
 686 18469 2892
 1084 18257 2190
 1081 18182 2624
 417 17501 1066
 746 19680 -34
 184 18193 -2732
 84 12263 -4003
 3408 8299 -5182
 297 12707 -5326
 4188 11567 -6434
 4783 13156 -5626
 2608 14597 -7130
 3802 17042 -7511
 3742 13275 -5504
 4783 13335 -4187
Repetition End
1
 3172 15584 -5401
 3033 17436 -4970
 1753 14135 -5117
Repetition Start
 3841 14411 -4721
 2444 15346 -4741
 2591 15365 -4658
 2543 14959 -5151
 2602 15381 -4729
 1083 14679 -4955
 1189 13841 -6333
 1183 15434 -6061
 445 13363 -5923
 1191 12437 -5919
 -300 11830 -6620
 1187 13570 -8893
 1301 13858 -9946
 4658 15005 -8239
 3233 12824 -6950
 3429 11917 299
 3379 15072 -1943
 6442 15547 648
 4829 15429 1126
 3918 15478 1449
 5489 16492 457
 5882 16102 845
 6173 17636 1045
 5335 18202 351
 5038 19327 578
 5546 19120 1487
 5539 18227 2336
 5310 17761 2492
 4735 16539 2184
 4435 16187 1845
 4312 14237 444
 5234 14984 -359
 4219 16156 -3950
 2736 13840 -5915
 4100 14738 -6640
 1449 12784 -5632
 1133 11586 -6359
 920 16380 -6031
 2251 13924 -5715
Repetition End
1
 2041 14019 -4735
 1395 13493 -4398
Repetition Start
 1961 14591 -4232
 2397 14902 -3742
 2414 12836 -5476
 1702 13730 -4029
 1818 15701 -4386
 2727 14939 -3803
 3414 15251 -4760
 2824 14589 -4663
 2550 14833 -4875
 2121 15524 -5246
 3393 13528 -7108
 2660 13462 -7497
 3224 12758 -6507
 4022 11225 -5916
 4702 13684 -6716
 3795 12753 -10069
 3419 12901 -9862
 -581 14986 -485
 3664 15987 156
 67 12977 361
 2080 15124 -705
 2473 17284 1193
 2201 16860 507
 1622 18660 1620
 2793 18710 1552
 2762 18079 2053
 1134 18573 2870
 4287 18138 3869
 4335 17277 3357
 3275 17969 3189
 2905 17564 2911
 2545 19191 1981
 2993 19855 -747
 2183 16256 -3612
 1680 9938 -8618
 -1048 12467 -7672
 2357 9791 -8569
 3185 12855 -7838
 4172 10828 -8155
 2700 13428 -9714
 4054 19117 -11901
 3983 13219 -5108
Repetition End
1
 1302 13430 -4405
 2150 12962 -7158
 1838 12882 -6733
Repetition Start
 3681 14721 -7159
 1703 15237 -6947
 3492 15416 -6256
 2642 14636 -6032
 2840 14151 -6765
 2897 13877 -7248
 2807 14669 -7033
 868 13501 -8647
 1500 12937 -9296
 631 11935 -8873
 1369 11947 -8118
 544 9627 -8784
 981 13279 -9500
 798 14730 -11044
 1048 10770 -14039
 5805 13242 -10263
 1262 15803 -5375
 5792 16837 174
 4803 16248 694
 3296 16186 933
 3516 17783 -158
 4273 18586 411
 3966 17864 -621
 4184 17888 -939
 4522 18081 -156
 4123 18203 -102
 4212 17687 210
 4156 17434 108
 4607 17342 123
 3864 16380 591
 3506 16763 865
 4866 16780 1149
 5535 18712 -2597
 2972 12685 -5714
 1791 10738 -8100
 2293 13207 -5522
 882 11962 -6502
 1359 12390 -6798
 2292 13961 -5423
 3130 13236 -7182
 2881 13188 -6530
Repetition End
1
 2360 16009 -7485
 2294 14588 -4959
 2641 14412 -6361
 2084 15677 -4394
 992 14437 -4632
 1024 14978 -5788
 2558 15400 -6443
Repetition Start
 2166 14961 -5617
 2176 14848 -6168
 2773 14708 -5904
 2836 14069 -5615
 3039 13839 -5189
 2327 15109 -6593
 3734 13573 -8234
 2783 13852 -7126
 2835 13295 -6979
 3213 12013 -7603
 1683 13925 -7675
 2781 14419 -9543
 2407 13736 -9020
 -105 7907 -3624
 -736 13015 -1390
 3351 15744 1339
 2229 17284 818
 3656 18907 -995
 3640 18686 -645
 3122 17806 -179
 4345 17996 -542
 4383 19493 805
 6751 18879 1681
 4592 17917 854
 3564 17772 777
 5179 18072 1219
 4476 18662 152
 4302 19053 -372
 3841 19177 -1429
 1113 9924 -4944
 2617 8782 -4889
 826 13812 -5940
 3148 11278 -6447
 3326 12162 -7741
 2493 16710 -7535
 2846 13953 -7353
Repetition End
1
 4342 14686 -6268
 5817 18292 -6312
 2832 13434 -5645
 3247 18954 -6029
 3896 14139 -3841
Repetition Start
 3492 14668 -4421
 3437 15370 -4321
 3113 15146 -4778
 3230 15026 -4573
 2957 15304 -5530
 3219 14021 -5221
 2524 14416 -5322
 941 14341 -5024
 1446 13913 -7193
 2129 14948 -8383
 997 13175 -6365
 1331 12783 -6403
 365 10418 -8596
 738 11959 -9907
 3502 13979 -8358
 2657 10610 -5358
 1377 13527 -1528
 3758 15707 -2457
 4296 16579 -1777
 4320 16783 -1620
 3678 17510 -1493
 3271 18993 -1248
 5139 17928 -1597
 4897 18465 -793
 5619 18487 -468
 5051 18778 -217
 5348 18845 -531
 4074 18964 664
 3823 17484 775
 3784 17861 41
 4394 18491 -1053
 3424 17154 -3076
 970 11660 -6887
 3572 13144 -5610
 1581 11102 -5644
 2129 11193 -5444
 1595 13484 -5498
 -348 12680 -4849
 2507 13081 -6004
 2638 14225 -3149
Repetition End
1
 1769 14283 -5286
 4561 16054 -5418
 2078 15072 -3657
 4175 15811 -5105
Repetition Start
 2485 14364 -5801
 3065 15217 -5493
 3176 15205 -5991
 2942 14259 -5963
 2386 14446 -6134
 3221 14059 -6028
 2830 15891 -6574
 3589 13806 -7476
 3705 13619 -8592
 3012 13930 -8414
 3150 13986 -6657
 2452 12563 -6233
 4562 12995 -7057
 3236 14206 -9591
 -918 12870 -2339
 3306 10369 1974
 2556 13913 1490
 1162 17042 2267
 2291 16073 -858
 3155 16683 -496
 3587 18356 182
 3059 19150 -5
 1558 19530 372
 2823 19664 342
 3431 19580 1520
 3175 18711 631
 3360 18349 721
 3270 17422 1506
 3568 16656 1539
 3251 16998 1947
 2896 17240 1226
 2798 17760 829
 2395 15687 23
 1672 10877 -4084
 3343 11316 -5169
 4947 12515 -3494
 4126 12296 -4864
 4601 14432 -5202
 2430 14409 -8379
 3438 14928 -7143
 4387 15867 -3944
Repetition End
1
 1016 14525 -3635
 1102 19170 -6231
 2991 14060 -4607
 1680 14576 -4088
 2035 14452 -4632
 2282 15020 -5230
 1599 14533 -4435
Repetition Start
 2221 16093 -5952
 1202 13334 -8302
 1459 12870 -8076
 978 12186 -6709
 872 13372 -6693
 2045 13345 -9015
 2646 14330 -10497
 130 14147 -9790
 3034 13078 -7615
 2528 11660 -1525
 3093 16020 -1594
 4175 14091 -1483
 3500 16143 -196
 4038 18253 -166
 3310 17345 -16
 2936 18152 -1239
 4663 19128 -356
 3110 18829 -954
 3825 19046 -421
 3505 18619 -343
 3803 18195 350
 4227 18119 1065
 3929 17434 1184
 3935 16999 1148
 4722 17547 -557
 2694 14115 -2801
 1142 11797 -6033
 3088 14573 -5750
 750 11478 -7150
 1137 12713 -7286
 -151 13177 -4713
 1442 14478 -6748
 1689 14260 -6543
 1504 15694 -6088
Repetition End
1
 1399 15277 -5486
 1657 16163 -3974
 857 14088 -4842
 792 15824 -5694
Repetition Start
 624 15589 -6243
 1066 15611 -4979
 1438 14775 -4761
 2078 15147 -4427
 1652 15043 -4517
 1178 14774 -4945
 1685 14924 -5889
 3855 14023 -6957
 2661 14283 -6689
 3162 13252 -6599
 3525 11842 -6809
 3046 10585 -7194
 2564 14790 -8957
 3838 12512 -11602
 2797 14413 -11774
 219 20024 3610
 1772 11699 -3070
 392 18439 -2479
 1470 14750 744
 1410 15346 211
 2279 16369 184
 2042 18079 -66
 2731 19014 28
 2223 17268 -258
 1880 17083 -72
 1706 17906 729
 1741 19545 716
 1168 19683 454
 1389 19278 1624
 862 19176 2227
 2157 22350 389
 3009 17650 -2420
 1379 8388 -8654
 234 16373 -5721
 3525 9556 -7153
 3697 10824 -6562
 3474 13808 -6412
 3113 13345 -5658
 1618 13656 -5080
Repetition End
1
 5363 15154 -3805
 613 13465 -3583
 69 18559 -3557
 3227 14285 -4421
 2803 14125 -4318
 1753 15564 -4969
 2352 15586 -4735
 2494 15171 -5252
 2409 14878 -5490
 2379 15181 -5807
 2608 14882 -5752
 2280 14841 -6115
 2441 15028 -6365
 2740 14959 -6188
 2460 15027 -6117
 2749 14901 -6313
 2856 14622 -6385
 2880 14805 -6267
 2781 14817 -6027
 2898 14678 -5804
 2696 14688 -6502
 2972 14988 -6365
3573 14880 -4506
 3561 15179 -4495
 3843 14516 -4260
 3605 15229 -4397
 3332 15396 -4126
 3804 14958 -4845
 3324 14878 -4780
 3235 15502 -4768
 4843 14935 -4896
 3835 15066 -5161
 3236 15001 -5238
 3805 15187 -4950
 3826 15036 -4885
 4019 15063 -4964
 3764 15051 -4857
 4208 15007 -5042
 3935 14908 -4911
 3918 14996 -5041
 4166 14873 -5171
 4220 14830 -5130
 4157 15080 -5238
 3722 14546 -4368
 4304 14861 -5006
 5007 15013 -5243
 4511 14435 -5946
 3763 14425 -5853
 3463 13517 -7704
 3989 15861 -6054
 4650 16185 -7564
 4780 13672 -6624
 3984 14656 -6369
 4267 14609 -6658
 4184 14422 -6173
 3952 14168 -6224
 3737 14851 -6376
 3868 14438 -6083
 3800 14303 -5553
 3512 14281 -5709
 3634 14748 -5870
 3885 14671 -6010
 3785 14697 -6015
 3725 14630 -6057
 3670 15033 -5947
 3690 14753 -5929
 3670 14691 -6039
 3619 14585 -5937
 4033 14619 -6060
 3984 14756 -5838
 4192 14892 -5706
 4352 14664 -5506
 4192 14685 -5644
 4429 14623 -5591
 4312 14785 -5956
 3992 14497 -5873
 4237 13243 -6369
 4075 16716 -6049
 3695 13233 -6097
 4684 13360 -7646
 3833 13629 -6064
 3675 13092 -6445
 3529 13084 -7020
Repetition Start
 1681 12849 -7106
 3757 11046 -7195
 1967 9505 -5543
 3534 23099 1881
 3152 12153 -521
 5659 18101 -31
 4171 18242 1336
 4505 11748 -1271
 4996 18441 2087
 4579 18854 3264
 4576 17800 3024
 4221 17971 2594
 3792 18182 2375
 3691 17833 2315
 2212 17625 1116
 2240 19902 2529
 4171 14630 -2772
 2512 4180 -7460
 1908 10884 -4559
 5421 15802 -5839
 4826 11457 -4647
 3254 14981 -3259
 4843 14315 -4145
 4857 14493 -3743
 4199 15109 -2366
 4568 17007 -2761
Repetition End
1
 4086 14324 -3335
 4303 14547 -3353
 4587 15728 -3603
 4309 15161 -3386
 5019 14995 -3597
 4438 15302 -3662
 4637 14916 -3511
 4558 14182 -4087
 4641 15367 -3613
Repetition Start
 4513 14987 -3680
 3932 15071 -4334
 4857 16415 -5495
 4184 13793 -4841
 3321 13752 -5396
 3608 14097 -5940
 2695 14771 -6076
 4686 11989 -7336
 3183 9922 -6549
 7939 14449 -2326
 5244 14960 -302
 4598 13769 -977
 4019 14787 1007
 4976 18592 -790
 4838 18181 -744
 4940 18736 -1352
 4861 18180 -1559
 5429 20527 -999
 5889 20573 -719
 4732 18719 4
 4880 17443 -331
 4044 16688 -947
 2513 14499 -155
 4698 17090 1254
 5219 15314 -3749
 -1971 3953 -10091
 3951 10855 -7175
 3093 13638 -5170
 2551 15114 -1479
 3047 12782 -3986
 3522 14790 -976
 2026 14035 -2507
 3935 15917 -2133
Repetition End
1
 5534 13263 -4696
 2971 15937 -4228
 4300 15448 -4233
 4509 14868 -4680
 4322 14638 -4545
 4340 15052 -4094
 4958 14717 -4760
 4327 14972 -4941
 4630 14726 -4870
 4559 14855 -5400
 4029 14807 -5665
 3902 14174 -5848
 4328 15401 -4654
 3812 15184 -5312
Repetition Start
 3865 13848 -6042
 4373 15434 -5746
 4007 14295 -6086
 4833 13824 -4749
 4111 13411 -6318
 3362 13346 -5859
 4242 14402 -6378
 3565 12771 -7287
 2031 9600 -6938
 1538 15987 -4761
 4939 14399 -2001
 2450 17739 722
 2412 17251 -108
 3027 15365 -878
 4177 19216 -285
 4314 18166 -809
 3949 18605 228
 4745 18140 -432
 5440 18590 -1068
 5191 18455 -1726
 5208 18482 -1097
 4888 17250 -939
 3673 16800 -1957
 3975 18429 -536
 4049 22999 -965
 4443 6801 -5217
 1168 13165 -6524
 3719 10409 -5003
 4779 16097 -3928
 2569 12553 -5663
 4827 13684 -4379
 3896 15307 -4669
 3566 14934 -4165
 3268 19206 -5393
Repetition End
1
 3767 14345 -3387
 3509 15257 -3622
 3623 15291 -4062
 3833 15490 -3890
 3788 14991 -4371
 4005 15090 -4306
 4167 14944 -4330
 3945 14826 -4202
 3924 14719 -4865
Repetition Start
 4379 15188 -3751
 2428 14699 -5671
 3782 15506 -4307
 3350 15016 -5428
 2852 14460 -5175
 3285 15186 -4542
 2671 14574 -5611
 2737 14392 -6133
 2028 14337 -6659
 3221 12065 -6917
 2106 9364 -5674
 5779 12663 -2000
 5222 17122 -2916
 4062 14924 -1546
 3957 15713 12
 4027 16307 -2254
 4694 17319 -2025
 3673 18295 -1699
 3677 18041 -2093
 4889 19676 -1993
 3537 19945 -1804
 3875 18659 -2793
 4766 18160 -3007
 4943 17668 -2698
 4653 15977 -3400
 5297 18432 -2275
 6162 17360 -2871
 3444 8352 -9151
 489 5479 -4378
 1222 6107 -4427
 989 13646 -5210
 2009 10222 -3679
 5639 15007 -4239
 2301 13299 -5953
 1832 14243 -5728
 4699 16407 -6745
Repetition End
1
 5319 14512 -6391
 1908 12832 -5896
 4929 15833 -5486
 3486 13773 -5745
 3613 14462 -5852
 3953 15136 -5826
 3610 14200 -5523
 4107 14750 -5583
 3686 14824 -5618
 3680 15015 -6024
Repetition Start
 3202 14777 -6446
 3995 14730 -5808
 3496 13904 -6563
 4267 13683 -5745
 3575 13556 -6587
 3135 14480 -7035
 3364 13256 -7581
 3021 13033 -8341
 2937 11640 -9440
 1459 16935 -5585
 3859 15525 -3669
 1754 15231 738
 938 14726 -1798
 1533 17005 -2310
 2646 17638 -993
 674 16151 -2115
 1606 17965 -2043
 1445 17188 -2371
 3044 17083 -1253
 2739 18205 -1591
 4120 18742 -2334
 4055 19336 -1873
 4134 17859 -1467
 3785 17601 -938
 3861 16362 -1341
 4002 17120 -1500
 3166 16279 -1488
 4331 17393 -1692
 1400 10636 -6725
 3199 16123 1897
 4001 8890 -6709
 4228 15947 -6441
 4368 13662 -6286
 4564 14362 -5940
 3630 14544 -3985
 4248 16136 -4930
 3843 16617 -5030
Repetition End
1
 4882 14690 -4578
 3182 15077 -4504
 3957 14826 -4646
 3922 14961 -4554
 4009 14844 -4412
 4082 15515 -4369
 3754 15102 -4127
 4259 15353 -3930
 2875 15214 -4413
 2221 14554 -4858
Repetition Start
 4481 15840 -4330
 3967 15168 -4714
 2637 14646 -4983
 2840 14452 -5647
 2843 14604 -5239
 2804 14374 -6116
 2986 13954 -7829
 3601 12830 -7943
 2522 9185 -7446
 6806 15864 -1741
 1035 11246 -2433
 5687 20203 -1461
 4341 15484 -3820
 2561 17333 -2051
 4354 17271 -2791
 4236 16631 -1893
 3913 17490 -3379
 4135 17246 -2862
 3078 17875 -3060
 4678 18993 -2994
 4774 18135 -3779
 5073 16632 -4479
 2596 17375 -3701
 3291 17104 -2746
 4063 16185 -1251
 5953 18710 -3105
 3799 13162 -4304
 1054 4053 -7615
 4195 15494 -6190
 2957 13796 -8364
 3040 13754 -5938
 3892 14686 -5192
 4092 13818 -4996
 2857 14418 -3804
 4286 15688 -3849
 5137 13362 -3648
 3368 15565 -3295
Repetition End
1
 3738 15529 -4242
 3273 15188 -3607
 3414 15566 -3529
 4009 14966 -3545
 3892 15094 -3641
 3839 15334 -4013
 3855 14746 -3773
 4052 14675 -3761
 3911 16521 -4699
 3789 14519 -5112
Repetition Start
 4001 14463 -5232
 4468 14049 -5302
 4144 13599 -5945
 3543 14602 -5955
 2999 14677 -6918
 3040 14143 -8272
 2532 9717 -6402
 -14 11746 -4081
 3655 17612 -1261
 3389 17428 608
 2309 16407 -927
 3637 16967 -346
 4062 17790 -1088
 3085 18577 -845
 3370 18120 -2270
 3897 18731 -2549
 3209 18781 -1700
 2482 19229 -2548
 4182 17556 -2730
 3086 16899 -2697
 3644 16825 -2642
 4202 16563 -1914
 3888 18523 -5117
 3628 16709 -4612
 2845 3719 -7614
 1327 13731 -4400
 6481 16969 -8275
 2640 12303 -5132
 3556 14453 -4780
 4700 14341 -5516
 3277 15296 -5884
 3037 15931 -4221
 4126 16216 -5506
Repetition End
1
 3696 14650 -4979
 3832 15065 -4818
 3647 15210 -4851
 3819 14787 -5095
 3184 14933 -5325
 3266 14919 -4962
 3378 14940 -4885
 3886 15240 -4485
 2967 15190 -4086
 2785 15157 -3860
Repetition Start
 2790 14429 -5428
 2369 14182 -6022
 2677 14239 -4809
 2584 14295 -6059
 2610 14735 -6248
 2300 13764 -6244
 2010 13077 -6283
 1953 11943 -7287
 2292 8987 -4654
 5373 17231 -1005
 3314 15812 -854
 4131 15211 927
 3228 17636 1217
 3900 17348 327
 4559 18319 -713
 4039 16745 -356
 4242 17049 101
 4241 17453 -201
 4326 19486 -727
 5180 20283 1328
 4929 17654 -771
 6798 17689 -184
 1738 14783 -2520
 5297 15581 -1853
 6179 17068 -3317
 5376 16169 -4766
 3746 14852 -3835
 -614 6547 -8656
 5528 15889 -7165
 1511 15408 -6696
 1239 12985 -4706
 2391 14451 -4648
 3217 15348 -4586
 1839 14644 -5007
 2689 15687 -3966
 3867 16228 -4414
Repetition End
1
 3612 14590 -3534
 3112 15093 -3848
 3321 15371 -4611
 3367 15451 -4086
 3658 15315 -4191
 3795 15557 -4178
 3333 15321 -4179
 3670 15049 -3754
 3415 16132 -2833
 3194 14769 -4061
Repetition Start
 3615 15595 -4694
 3351 15256 -4683
 4144 13786 -3521
 3051 14329 -5401
 3254 14952 -5386
 2636 14688 -5381
 3622 12045 -6163
 257 9378 -3307
 1323 15493 192
 4315 17007 1726
 3557 18360 3473
 2595 17532 2395
 2342 17478 1833
 2700 16953 1429
 4006 18916 2131
 2884 18757 666
 3510 19063 556
 2347 19185 784
 4538 17285 1061
 3146 17570 1722
 3248 16716 1403
 2550 17852 414
 3866 17962 -189
 1506 11753 -2995
 3170 4569 -7584
 1673 18173 -6990
 4578 10306 -5882
 3889 12589 -6654
 2540 15706 -7739
 3299 14135 -6265
 4099 15026 -6666
 1737 15282 -6954
 3389 14275 -5538
Repetition End
1
 3917 14218 -6604
 2647 14377 -5445
 3506 15339 -5483
 3634 15071 -5321
 3510 14762 -5393
 3436 14996 -5220
 3870 14834 -5239
 3793 14770 -5230
 3639 15026 -5216
 2555 14737 -5476
 3522 15088 -5426
 3530 16128 -6000
Repetition Start
 2530 13895 -5605
 1922 14784 -5170
 1637 13881 -7080
 1969 14250 -7191
 2200 13120 -7380
 1644 11627 -7460
 2429 9164 -5830
 6134 14629 -2038
 3710 15750 38
 3049 19517 -679
 3869 19471 490
 4387 18644 -1010
 6223 19024 -2369
 8251 21546 -2341
 5291 17676 -1025
 6438 16994 -1849
 4720 18814 -1642
 4729 18300 360
 4407 15716 -2271
 4439 18678 -235
 5181 19735 459
 4177 18108 -1603
 1616 9462 -6888
 3944 9676 -456
 648 9773 -2200
 3047 18793 -11618
 4592 12590 -6551
 2070 12939 -4051
 3273 15438 -4282
 5328 15858 -5948
 4258 14274 -5680
 3915 14330 -5442
Repetition End
1
 4794 15455 -6026
 3905 14574 -5065
 4580 14780 -5266
 4258 14755 -5259
 3813 14894 -4953
 4449 14874 -5077
 4086 14978 -4797
 4090 14773 -4172
 4122 16441 -4391
 4194 14940 -4666
 4802 14269 -6469
Repetition Start
 4099 14781 -5339
 4055 13939 -4507
 4085 13585 -6481
 3744 14890 -7050
 3957 15740 -6511
 3667 13283 -8147
 2219 10470 -5232
 1243 13912 -320
 5280 16043 -1997
 2029 14624 18
 4265 15789 -921
 4684 17758 -294
 3340 18079 -557
 5088 17395 -1044
 4144 17626 -1520
 3762 18138 -900
 5495 18942 -1066
 3612 18957 -862
 3685 18343 -1225
 3787 18415 -1337
 3133 16483 -838
 4492 18250 358
 3756 18836 -227
 3459 15306 -1763
 3688 6839 -7253
 64 16264 -539
 4469 11270 -5015
 3894 14364 -7273
 2134 14735 -4973
 4095 14129 -5428
 3188 14668 -5774
 3396 15075 -4736
 4545 14025 -5689
Repetition End
1
 3485 14576 -5774
 3940 14960 -5749
 3327 14621 -5896
 3739 14970 -5329
 3811 15009 -5476
 3597 14655 -6059
 3924 15066 -5744
 3989 14719 -5401
 3677 14518 -5655
 3778 14985 -5163
 3914 14552 -5335
 2958 14973 -4505
Repetition Start
 3174 15579 -4686
 2980 14177 -4954
 2616 15008 -4881
 2686 14686 -4511
 2800 14559 -5795
 3118 15028 -5884
 1990 14555 -6165
 3149 15123 -5946
 2334 12362 -6778
 2194 10277 -7771
 3527 8606 -5142
 5132 15001 -1232
 6421 17961 3077
 4473 15946 81
 4306 17975 652
 4309 17539 -2034
 4475 18077 -2200
 4395 17398 -2962
 5324 20649 -3450
 5367 20318 -1028
 3735 17959 -1365
 3117 18357 -1068
 4454 18313 -2264
 5276 17619 -2117
 5160 18727 -3862
 3445 8333 -6580
 2471 8331 -1893
 286 6682 -3443
 3221 15174 -6689
 1491 16701 -6778
 4077 11344 -1456
 768 12687 -6010
 2599 15849 -5357
 3769 15346 -6579
Repetition End
1
 3579 15670 -5244
 2577 14401 -6350
 3683 14577 -6342
 3100 14493 -6023
 3777 14505 -6296
 3726 14614 -6351
 3674 14345 -6313
 3565 14796 -6197
 3119 15130 -5321
 4792 14518 -6268
 4357 15554 -6172
 3100 14344 -7169
Repetition Start
 3820 13572 -6166
 2772 14359 -5217
 4222 12749 -7159
 3260 13908 -6695
 3916 14851 -6817
 2128 12262 -7654
 1698 7485 -5202
 1812 16484 -3575
 5997 17612 -4960
 3797 16278 -2581
 3773 15846 -2595
 4848 15842 -2703
 3098 17493 -2630
 4510 15934 -4270
 4465 17733 -3747
 3957 18488 -4405
 3703 18515 -4658
 4714 18994 -4817
 3177 18677 -4990
 3896 17664 -5692
 3698 18632 -5255
 3316 18124 -5561
 4671 16949 -6052
 3387 7307 -6788
 1303 8469 -4689
 3038 10048 -5710
 3914 13812 -6426
 4960 14948 -4904
 3321 14154 -4953
 4050 14417 -4638
 3893 14961 -4500
 3649 16399 -4257
Repetition End
1
 3559 14510 -4130
 3738 14642 -4434
 3949 15487 -4701
 3862 15294 -4262
 3959 14908 -4670
 3922 15203 -4855
 4095 14928 -4642
 4004 14930 -5007
 4075 14730 -4898
 4088 15078 -5498
 4021 14751 -5378
Repetition Start
 3690 15312 -4404
 2724 13944 -6267
 2597 15170 -5820
 4217 15467 -6802
 1796 13691 -6309
 2328 13779 -6383
 1854 13301 -6856
 1574 13600 -7589
 2329 14025 -7171
 2860 9961 -9080
 4889 13600 -3607
 1884 10037 -2576
 6474 14263 -1875
 3313 17857 776
 5403 17094 -1409
 5459 17792 -1643
 3233 19241 -2760
 5012 19752 -997
 4952 15816 -2186
 5757 19059 -466
 4220 19992 -2422
 5174 17752 -1663
 5145 17604 -1007
 6301 18649 -675
 3655 13734 -3607
 -1013 4026 -9789
 2824 13239 -12102
 1442 12798 -7305
 1897 12795 -6912
 2675 13764 -5654
 845 14609 -5087
 6020 13898 -5145
 3978 15786 -5476
 4302 14226 -5683
Repetition End
1
 3892 14497 -4788
 4113 14830 -4684
 4150 14604 -5384
 3672 14694 -4904
 4597 14884 -5131
 3880 15084 -5114
 4133 14825 -5137
 3921 14725 -5384
 3688 14985 -5545
Repetition Start
 3674 14832 -5345
 3997 14173 -4922
 3756 14959 -6749
 3447 14199 -5393
 3043 15224 -6361
 3906 13556 -6630
 3175 13624 -7223
 2651 13385 -7642
 3153 13158 -7860
 2761 13337 -8279
 2639 12544 -8584
 1646 7831 -4567
 3155 20603 -1359
 4482 14099 -1100
 3739 18308 297
 2319 15711 -2106
 3732 17368 493
 2886 17884 -1216
 4491 18709 -1170
 4387 18969 -788
 3804 18468 -1872
 4273 18315 -2052
 4139 17616 -2082
 3965 16499 -2431
 4136 16632 -2106
 4492 16565 -1753
 5514 17976 -1543
 5651 18065 -372
 2067 14551 -3804
 1786 715 -12303
 2480 16496 -8116
 5092 12075 -8022
 4664 13603 -5592
 4307 14933 -6365
 3734 14515 -6505
 4128 13736 -5140
 3885 16048 -4842
 2192 14465 -2830
Repetition End
1
 3596 13758 -4947
 4344 14722 -5448
 3315 14996 -4390
 3648 15132 -4584
 3838 15174 -4201
 3941 15082 -4504
 4152 15193 -4225
 4172 15354 -3909
 4413 14963 -3863
 4130 15556 -4040
 3983 15343 -3743
 4116 15244 -3833
 3795 15235 -3594
 3911 15340 -3551
 3821 15301 -3512
 3742 15422 -3508
 3784 15345 -3639
 3538 15357 -3790
 3677 15161 -3567
 3747 15292 -4135
 3625 14730 -3191
 3477 15490 -3812
 3382 14930 -3233
 3554 14673 -2505
 3512 16154 -4340
 3211 15241 -3047
 3767 15093 -2675
 2800 14976 -5476
 2850 15052 -5654
 2868 14902 -5734
 2620 14949 -5705
 2897 14955 -5616
 2730 14929 -5687
 2729 14849 -5695
 2941 14980 -5532
 2657 15007 -5731
 2680 15008 -6052
 2457 14975 -5909
 2312 15046 -5811
 2399 15093 -5661
 2396 14970 -5835
 2323 14861 -5606
 2605 14915 -5919
 2450 15075 -5742
 2615 15007 -5694
 2315 14946 -5603
 2567 15036 -5489
 2434 15107 -5614
 2702 15118 -5721
 2774 15072 -5425
 2936 14882 -5279
 2940 15099 -5500
 2741 15175 -5779
 2931 14987 -5591
 2821 14780 -5607
 3294 14716 -5532
 3125 14937 -5644
 2804 15031 -5748
 2883 14984 -5813
 3277 14713 -6395
 2580 15046 -5802
 3044 14954 -5896
 2551 14723 -5997
 2979 14770 -5901
 3664 14533 -6109
 3215 14550 -5471
 3443 14730 -6355
 3133 14783 -6401
 2996 14819 -6264
 3013 14668 -6096
 3161 14784 -6028
 2974 14854 -6581
 3358 14677 -6434
 3548 14974 -5934
 3433 15065 -6234
 3519 14478 -5945
 3142 14804 -5977
 3325 14878 -6174
 3005 14687 -5670
 3000 14879 -6121
 3113 15007 -6211
 2914 14775 -5753
 3329 14853 -6016
 3038 14611 -5725
 2965 14808 -6038
 3121 14584 -5934
 3771 14543 -5932
Repetition Start
 4159 14670 -6588
 3708 13559 -7456
 3950 13990 -6713
 4025 14033 -7218
 3731 13929 -7355
 4125 14028 -7077
 3943 13677 -7569
 4509 14415 -8029
 4000 14345 -8804
 4098 14386 -8826
 3880 19288 -9178
 2890 17437 -7542
 2004 12695 -5657
 -120 14856 -3334
 911 16029 -3160
 1433 16160 -2946
 1207 16110 -2482
 1132 15693 -2876
 674 16038 -2716
 758 16498 -2665
 592 16342 -2757
 841 15487 -2795
 1699 16884 -2864
 1745 15781 -4822
 2048 15360 -6083
 3379 13234 -8808
 3019 15281 -8858
 3610 13005 -8974
 3896 13750 -8574
 3808 12810 -8191
 2780 14915 -7351
Repetition End
0
 3369 14785 -8565
 2995 15864 -8911
 948 15552 -6448
 3034 14617 -6421
Repetition Start
 1857 13976 -5143
 2943 14819 -5062
 2274 15179 -5459
 2273 15148 -5492
 2568 15253 -5608
 2253 15149 -5566
 2171 13879 -5376
 1832 14983 -5666
 1668 13773 -6323
 941 13571 -8101
 1504 14331 -7767
 1120 13957 -8508
 958 13624 -7885
 1159 14046 -8219
 489 14114 -9369
 2213 14122 -9579
 1734 15806 -9110
 4236 15275 -4328
 3853 16350 -5094
 3792 15018 -3691
 3798 15029 -2758
 4903 15143 -2341
 3921 14972 -2521
 4265 15539 -2344
 4026 15249 -1417
 3925 15606 -2120
 3968 15381 -1994
 3247 15796 -1659
 4453 15146 -2195
 4957 15346 -4138
 3047 18586 -7022
 3046 15346 -7547
 1324 12018 -7471
 2436 15631 -8392
 2601 15419 -8109
 2512 14906 -6981
 1569 14376 -7549
 498 14606 -6538
 2004 14949 -6697
 2659 15001 -6848
 3027 13561 -7045
 3136 12675 -3877
Repetition End
0
 2693 15737 -4781
 3165 14883 -6531
Repetition Start
 3609 14856 -5678
 2688 14625 -5249
 2536 14403 -5926
 2788 14924 -5633
 3012 14465 -5877
 3013 14139 -5916
 2969 15351 -6334
 3465 14357 -7292
 2907 14444 -8713
 3433 13524 -7185
 2845 13469 -7499
 3679 14181 -8349
 3171 14517 -8486
 3506 14418 -9037
 3188 17698 -8929
 2353 14969 -8281
 1026 14430 -4554
 2015 15629 -3530
 2695 14374 -3632
 1936 15662 -3948
 1842 15736 -3434
 2118 15933 -3509
 1893 15809 -3012
 2128 15921 -2781
 2283 15485 -3093
 1901 15805 -2637
 1784 15924 -2146
 -55 15921 -2883
 668 16584 -3520
 2205 16626 -4171
 3020 15664 -6642
 2562 15117 -7460
 3680 13187 -7143
 3668 13834 -6881
 3789 13594 -6850
 3282 14285 -6855
 3638 14545 -8578
 4092 16319 -7531
Repetition End
0
 3316 14563 -4774
 2218 14567 -5379
 1351 14006 -4281
 2957 14935 -4367
Repetition Start
 2179 15190 -5604
 2071 14933 -5209
 2250 14844 -5843
 2074 14894 -6470
 2406 16066 -6063
 1969 14299 -5578
 1839 14774 -6162
 1265 14473 -8363
 1659 15088 -7796
 698 13686 -7191
 934 13188 -8476
 1750 13596 -8785
 722 13899 -9430
 1362 14849 -9061
 2459 16699 -9461
 2418 15185 -3915
 3338 15859 -3961
 2640 15457 -4166
 2263 14992 -3689
 3050 15866 -2573
 3049 15934 -2217
 3221 15886 -2138
 2786 15430 -1836
 2492 15567 -1731
 2729 15427 -1340
 3336 15700 -1897
 3628 15584 -2227
 3473 15090 -2180
 3121 16481 -3387
 3098 14353 -3845
 2664 14284 -4653
 3976 15955 -6649
 2472 14872 -8539
 3982 16133 -7915
 1995 14233 -8180
 2317 14539 -7432
 2049 14950 -7916
 2440 16300 -6131
Repetition End
0
 2317 16524 -4875
 2226 16106 -2754
 1745 13062 -6782
 2503 13537 -7471
 2675 13180 -4039
 2680 15468 -4328
 2735 14875 -4832
 2736 15137 -4831
 2986 15093 -4031
 3111 15130 -4427
 3074 15335 -5178
 2867 15330 -4858
 2908 15616 -5114
 2493 15191 -4814
 2377 14582 -4167
 2761 14157 -4362
 3972 12144 -3439
 3211 13092 -3531
 2554 13072 -2749
 1539 13742 -953
 2686 12645 -405
 2989 13382 799
 3965 14598 940
 2906 17779 875
 2157 17999 2463
 3061 16913 3368
 1833 19080 3872
 2271 19318 4276
 2488 19594 4383
 3074 19819 4086
 3152 19529 3838
 4249 19153 4330
 4409 17098 2068
 3635 15657 979
 5498 13873 657
 3707 10373 -1091
 3956 10627 -1020
 4699 12019 -1823
 4816 12909 -3622
 5430 13190 -2650
 4995 13594 -3543
 4495 15323 -5178
 1162 13483 -3858
 3096 15285 -5057
 3268 14958 -4268
 3144 15189 -4774
 3761 15363 -4379
 3065 15516 -4558
 3299 15307 -4539
Repetition Start
 2938 15425 -4431
 2844 15207 -4682
 2632 15507 -4517
 2682 15510 -4861
 1577 15869 -3175
 1359 15492 -2742
 -642 14420 -3442
 1015 15447 -2760
 2813 14817 -1758
 2015 13286 -1551
 1346 11392 -1501
 2589 13581 108
 1177 12362 -710
 1085 16359 -1209
 2131 18502 -151
 1889 17718 210
 2985 18361 480
 428 19176 800
 2144 18207 548
 875 18301 868
 1286 18114 1347
 2625 18406 1257
 2449 18579 1184
 2717 18487 947
 2989 17524 -147
 2517 17432 -899
 3149 15430 -912
 2286 14696 -1110
 2471 13138 -1319
 1674 10484 -375
 -274 12297 -1905
 809 15248 -3277
 1183 16853 -4792
Repetition End
0
 55 14407 -3901
 -65 13942 -4187
 1856 16191 -4473
 3323 14475 -4638
 1134 14790 -4563
Repetition Start
 2122 15506 -3911
 2572 15521 -4369
 1631 15664 -4204
 2510 15345 -4387
 1950 15168 -4495
 2486 15586 -4071
 3752 15713 -3163
 3603 13989 -4591
 3668 15092 -4239
 3767 14946 -3928
 3215 16311 -3704
 3426 15198 -2356
 3018 13790 -1129
 3320 11259 -811
 2599 10380 -874
 2860 14183 -599
 4603 16701 -558
 3772 18105 -963
 4217 17271 -385
 4378 17576 -59
 3019 18429 689
 3611 17954 875
 2951 18470 1608
 2765 18801 803
 3394 18961 900
 2313 19457 227
 3406 18652 -244
 3317 17974 -791
 2919 16355 -359
 2779 15383 -907
 2567 14727 -531
 3127 12251 -815
 2336 12830 -1287
 3806 11678 -2517
 3926 13328 -3354
 4501 15191 -3780
 5062 14694 -4557
Repetition End
0
 4290 14487 -4417
 4049 14200 -4400
 3765 15965 -4629
Repetition Start
 632 14424 -3775
 3365 14921 -4206
 3136 16621 -3213
 2985 15947 -4109
 2569 15551 -3670
 2712 15434 -3978
 3154 15434 -3864
 2818 15374 -4092
 3201 15580 -3684
 2617 15767 -3333
 1698 16162 -3075
 1143 13938 -3389
 1917 15926 -3966
 2507 15686 -4153
 2365 14514 -3204
 2773 13671 -1359
 2144 11274 -1364
 2781 13328 -2581
 2104 13354 -766
 3245 14615 -43
 1998 16470 -531
 2139 16670 1262
 2023 18013 2587
 2014 18385 1838
 3481 18342 2305
 2765 18606 2486
 3441 18998 1660
 3367 19266 1739
 3262 18564 1589
 3088 17725 1651
 2814 16604 1204
 2328 15466 1175
 1655 14323 -72
 2183 15021 -1069
 2374 13035 -283
 1300 11764 -795
 1569 13443 -2273
 1556 15535 -3225
Repetition End
0
 1564 15437 -3811
 1686 15082 -4378
 699 14412 -3460
 1474 15008 -4452
 5125 16287 -5135
 1845 14995 -4281
Repetition Start
 3357 15689 -4411
 2978 15601 -4064
 2872 15160 -4769
 2664 15589 -4835
 2725 15595 -4655
 3673 14698 -4042
 3970 14849 -3673
 3520 14031 -2898
 3273 14845 -2895
 3486 15672 -2691
 3503 15472 -2301
 2968 14014 -1866
 3276 13703 -1102
 2953 11821 101
 2453 11178 1515
 1106 13550 1597
 2823 16423 -298
 2069 17263 -452
 3525 17816 -864
 2980 19863 -1297
 959 21211 -835
 3331 20483 -822
 539 19760 160
 1450 17067 726
 875 15976 828
 1310 15636 453
 2076 16467 -19
 2364 16180 -778
 2243 14412 -513
 1956 12386 -348
 2943 12430 -787
 3618 14467 -1379
 3561 15501 -2691
 3557 14292 -2798
Repetition End
0
 4352 13143 -2543
 3133 16732 -3028
 1420 15559 -2347
 2285 14855 -3617
 3086 15628 -2728
 1899 15564 -4116
 2550 15337 -3733
 2167 15637 -4266
 1947 15597 -4103
 2344 15429 -3901
 2360 15513 -3952
 2805 15174 -3376
 2917 15804 -4195
 3061 15515 -3711
 2872 15492 -4112
 2710 15552 -3899
 2641 15467 -4146
 2562 15457 -4179
 2730 15308 -4266
 2708 15437 -4022
 2800 15327 -4356
 2941 15347 -4106
 2884 15389 -4375
 2920 15373 -4510
 2964 15376 -4351
 2840 15425 -4699
 2838 15297 -4743
 2867 15154 -4276
 2786 15316 -4710
 2826 15217 -4795
 2756 15337 -4858
 2965 15180 -4806
 2893 15011 -4497
 3144 14700 -4504
 3352 14181 -6002
 2968 14551 -7217
 2842 14464 -7166
 2017 13619 -7176
 2310 14328 -8177
 2630 14826 -8885
 3054 15517 -10780
 5383 11458 -3414
Repetition Start
 2179 7445 -3083
 -3175 -1268 327
 5359 29166 7316
 319 27629 14310
 -955 21456 18635
 3267 21089 20661
 505 26051 11025
 7707 16245 1347
 689 413 -1810
Repetition End
0
 2828 16906 -3149
 10930 14127 -5299
 3792 12305 -5243
 5312 11833 -2581
 5029 14060 -3782
 4412 12768 -3049
 4289 15444 -3446
 5091 14295 -2512
 4049 15722 -2940
 4689 14506 -3062
 4164 15784 -3433
 4263 14781 -2595
 3794 15175 -2915
Repetition Start
 2745 11642 -1237
 -102 10540 -1046
 1546 19796 -6317
 3972 21907 -12357
 1757 15005 -5774
 -3332 3110 -1134
 652 6165 -2529
 9068 14668 -3336
 4893 13843 7705
 7435 17835 11121
 2122 12145 19198
 7402 14267 25338
 8399 14615 19553
 14602 22369 8508
 7967 16601 -4848
 1729 2113 -4679
 -801 9566 -2164
 -666 10488 -3443
 -15 18409 -5721
Repetition End
0
 4024 11096 -11941
 5533 14051 -2209
 4251 13786 -4927
2918 15742 100
 2970 15551 41
 2956 15715 414
 3437 15728 408
 3204 15603 300
 3171 15586 225
 3405 15750 512
 3286 15676 427
 3278 15726 767
 3280 15884 774
 3026 15269 1121
 2669 15324 1480
 2359 15575 2060
 2881 14883 1886
 -331 15241 4999
 813 14791 6543
 266 13321 7465
 966 11424 8968
 -1223 11879 10727
 -1288 9868 12184
 -3786 8230 13469
 356 8086 10538
 -4695 1877 15984
 -2154 -4968 23049
 -4051 -2260 18645
 -821 1946 15143
 101 4076 15130
 -748 2577 15382
 -7 3087 15824
 -803 4267 15558
 -546 4222 15669
 -659 5179 15709
 -1557 5681 15910
 366 4308 15273
 -387 4392 14364
 1643 4972 15606
 278 4702 15812
 169 5086 16259
 3343 5455 17515
 1912 3874 11789
 -2678 5038 15241
 -824 4779 16984
 1942 1598 14591
 1580 2052 13271
 -1235 1751 16517
 560 -744 15962
 1967 803 16818
 859 4557 14328
 7724 3100 15046
 8222 4786 11689
 4899 3553 14995
 1124 -102 15439
 5096 2811 15638
 2652 4008 16904
 3551 2753 16150
 2003 2024 17614
 5708 4309 14750
 6837 4512 11993
 5651 4262 13322
 7138 3935 11950
 934 216 16078
 3509 2354 15188
 1975 5547 16520
 2316 5656 15536
 3424 5161 13892
 4900 5236 10011
 1025 3628 4525
 2769 5768 6317
Repetition Start
 866 6279 11007
 -1700 7374 13914
 8265 19047 16064
 -3472 7420 29963
 -183 9218 32733
 2840 -5454 12831
 1069 1514 11591
 4331 2950 17222
 2569 5437 17308
 1141 1913 16816
 4489 6308 16531
 1078 5441 16335
 1688 10555 19953
 2065 2844 16763
 2469 7514 16730
 4221 5602 15297
 3789 7197 14936
 4069 4527 13646
 5339 7311 13837
 3486 7568 14582
 5578 8458 13593
 5505 9206 11652
 6522 7841 9370
 4782 7301 9320
 4355 7692 9568
 4083 9617 10967
 5480 8331 11862
Repetition End
0
 5759 8359 11489
 5046 8077 11710
 4910 7681 8645
 -869 -163 102
Repetition Start
 6031 6655 8471
 -12174 14377 16238
 459 15195 12749
 -1646 10597 14594
 3568 8984 21757
 2375 3324 25361
 2229 2856 12371
 2177 1003 17169
 2940 5414 17642
 3342 4561 16448
 1448 3016 16260
 1707 8671 17198
 2149 8493 16157
 2289 10485 13533
 2947 11171 14343
 2451 12174 12723
 1583 12522 10161
 2492 10308 7631
 5992 16321 7879
 5806 13019 9760
 -2607 11297 9574
 2795 8752 9711
 2611 7412 11061
 1244 5950 10645
Repetition End
0
 4747 6288 11834
 3204 8095 13072
 2064 8208 11995
 3308 9811 13754
 3944 9117 11982
 3865 9619 12916
 2029 8893 9291
 4075 3356 1947
 1269 5914 2449
Repetition Start
 -1612 9008 5999
 3069 17224 8059
 -3805 14710 11902
 5664 9304 14969
 -1523 17381 32767
 2168 -11832 16984
 3648 12577 15470
 1905 -1398 16007
 2188 4460 14734
 1794 6959 16228
 3689 4834 14232
 1743 5866 15755
 2980 3690 16829
 1740 4271 15762
 3913 6901 16002
 2424 8374 16115
 2517 11652 14031
 1044 10115 12967
 1029 9927 12851
 278 11721 11524
 3435 16330 10231
 1774 12296 9717
 4093 14045 9577
 4032 10751 9448
 5128 8359 8393
 4921 8503 8338
Repetition End
0
 5813 8351 8400
 3315 9780 9357
 3207 9177 10538
 3232 8198 9319
 3714 5607 1325
Repetition Start
 2607 8312 3473
 -2119 10979 9145
 643 15957 11517
 4590 10963 9765
 1900 2229 17465
 112 6207 25456
 3101 -1911 3714
 -597 -2547 16157
 2856 7206 17158
 984 6073 14648
 2506 4826 14692
 1770 6747 15918
 2292 4265 14704
 1407 5843 15504
 2394 4906 14439
 2826 5692 15184
 2639 5813 14557
 1703 5114 14934
 2581 6228 15019
 1764 5118 14937
 3448 6921 17884
 1961 5260 16227
 4429 10577 16837
 2334 11896 14552
 3736 12726 12842
 2423 13978 10018
 1984 12499 8434
 955 12776 6615
 6838 12935 5890
 4220 13769 7908
 3125 10942 8814
 5864 11708 9516
 2131 9915 8211
Repetition End
0
 3416 8278 9284
 4643 8023 9438
 4864 9112 11656
 3450 8312 9035
 3411 7561 4081
Repetition Start
 3842 -1709 1607
 -4302 23430 7015
 1947 17633 6631
 4049 11606 14091
 1927 3200 16716
 830 28771 27768
 -2504 -11960 13748
 -489 3730 14724
 1726 4893 18706
 483 5078 14169
 804 4759 13659
 439 6521 17348
 886 5008 14320
 1298 5057 15414
 1565 5595 15392
 1741 4768 15321
 1828 5119 15581
 2139 4977 15464
 2001 5001 15188
 2160 4894 14862
 2310 4993 15366
 2194 5658 15224
 1296 5172 14843
 1858 5531 14890
 1963 5558 14580
 1903 4894 15208
 2071 5767 15007
 2054 5420 15209
 2788 5013 15225
 2108 5086 15411
 2300 4966 15398
 1736 5192 14666
 2159 6127 14583
 2089 5528 14862
 2442 5305 14923
 2600 5717 14958
 2765 6223 15602
 2062 4240 16097
 2235 5423 15537
 2757 5079 14878
 2272 5752 15097
 2430 5290 15038
 2159 5356 14908
 2283 5835 15028
 2219 5548 15088
 2412 4864 15221
 2371 5240 15416
 2447 5039 15106
 2246 5670 14991
 2303 5186 15022
 2436 5162 15228
 2507 5270 15203
 2234 5252 15219
 2422 5322 14994
 2136 5466 15446
 2657 5139 15374
 2279 5307 15344
 2434 5199 15220
 2510 5371 14986
 2482 5669 14991
 2512 5389 14964
 2637 5375 15143
 2655 5116 15287
 2709 5286 15371
 2727 5366 15104
 2811 5442 15468
 2149 4615 16143
 1522 6160 17582
 2328 7590 16737
 2524 8753 17096
 123 9840 15138
 3406 11940 16381
 4415 13438 7854
 2624 14882 8830
 -323 14931 5336
 5325 15481 5428
 2494 12631 7620
 1045 10951 8780
 930 7626 9135
 2651 8278 9234
 3615 9446 10603
Repetition End
0
 3829 8795 11578
 3216 7985 12028
 4074 9341 12646
 4841 10417 12609
 3548 9815 13570
 3996 8614 13412
 4078 6902 12678
 3191 6836 12296
 5263 9962 12530
 3985 8491 13500
 3324 7389 13482
 4846 8735 13467
 4128 8593 13972
 3157 7557 14866
 5095 8393 13951
 4071 7708 13427
 5303 7357 14671
 3513 6486 14983
 4554 6740 15659
 3832 6856 15515
 2766 4183 12602
 3809 5534 12999
 3820 5719 10879
 6558 9747 12660
 8301 12066 17987
 3146 5202 12390
 3708 5028 15003
 5303 1751 15070
 4499 1912 14444
 4839 3020 14618
 5362 5920 16320
 4753 4353 14878
 2647 3538 13289
 4135 4889 16255
 -861 2810 17388
 2363 4367 17541
 1338 5844 15724
 592 9105 14217
3332 3169 16700
 5359 3215 15818
 5386 -424 16876
 2160 1984 16761
 4587 2118 15351
 4863 2056 14839
 3862 2172 15998
 2580 1486 16307
 1977 1987 16658
 2080 2457 15722
 2654 2136 15377
 48 2256 14778
 1047 1787 17708
 870 1964 16436
 1096 1911 15651
 1430 2731 15656
 498 3868 16191
 2332 3104 16331
 1280 3889 19113
 5593 1077 13820
 -768 4718 14614
 1892 4724 15811
 4693 4002 15192
 2240 1835 15840
 3044 614 15729
 2281 -302 15644
 1989 -1033 15867
 1565 2184 16167
 3208 2925 15769
 2787 2299 15998
 2427 3211 15656
 4159 2738 16396
 2664 2667 15820
 3433 2016 15688
 3100 2951 15475
 3369 3517 14755
 4654 3889 15178
 3278 4284 14588
 3641 4526 13799
 5451 4251 13677
 1459 6183 11399
 3917 6616 8067
 4799 11418 10500
Repetition Start
 4762 8707 9694
 1523 13614 8494
 1431 15259 7998
 2908 14718 11103
 -478 9513 12566
 185 6850 16427
 2238 11636 15294
 649 9080 16865
 2340 10917 16686
 1410 8042 15879
 1541 7851 14824
 3238 10964 16379
 2298 11399 14181
 -187 9570 13183
 2090 11574 10742
 3180 12786 9062
 5174 15121 10006
 2878 12278 9024
 5420 12600 9432
 4021 13369 9073
 1667 12386 8201
 1581 9891 8769
 4901 9988 10774
 3103 8267 10216
 3362 7617 10817
 5449 8081 11527
 2939 8820 12114
 2411 9527 12615
Repetition End
0
 3291 9230 12345
 3601 9241 13131
 4082 7474 13082
 3102 8058 12540
 3397 8923 12414
 3077 8573 10059
 3909 8542 10543
 2850 9204 8510
Repetition Start
 3002 9892 9151
 5569 11569 6317
 4623 12189 6727
 2141 16615 7425
 3391 15868 11133
 3425 14800 12316
 2409 13348 12110
 2414 12793 11392
 3571 13769 11619
 2654 11287 10524
 4062 12492 10762
 1454 12646 10744
 2015 13562 10522
 3044 14821 11384
 4115 14402 11135
 4832 13428 11332
 992 13660 9245
 4318 9842 11652
 2280 12404 11821
 3034 7266 10164
 4859 7454 12491
Repetition End
0
 3454 9396 13014
 4649 8220 13804
 2254 5377 12089
 3196 6366 12989
 5184 6553 12409
 3584 6672 11686
 4022 8884 12185
 4601 8355 13053
Repetition Start
 3432 7704 12838
 5135 8017 11667
 4414 9617 10493
 -672 10296 8224
 7555 14681 8384
 4132 11870 8907
 505 12691 9104
 3911 15733 9207
 2988 17492 9368
 3245 16378 10238
 3372 12724 11492
 619 9673 9459
 2552 13972 9115
 3211 14393 11454
 1872 15094 11355
 2603 14650 11547
 4463 13304 9830
 985 13198 8970
 1098 12972 7318
 4118 11829 7646
 2129 10891 10521
 2612 8660 12708
 3301 8627 12479
Repetition End
0
 -661 8946 12748
 1982 10499 11573
 1953 6008 13693
 5202 6894 13933
 2925 5337 16071
Repetition Start
 3932 3725 14692
 3337 7024 14267
 3126 8443 14349
 2779 7589 13157
 4013 8095 13801
 3122 8016 14246
 3676 6994 13896
 3487 7686 14591
 2975 6726 13645
 3436 7964 13049
 4038 6656 13204
 3277 8397 13151
 4058 8313 11475
 2960 7891 13746
 3793 10451 11831
 3379 8404 12189
 2512 13117 13795
 3622 9634 12653
 3012 10248 10251
 4067 7368 6920
 2354 8757 8321
 996 9373 4891
 1640 12473 10608
 2054 12518 9933
 -2764 12404 13665
 871 10113 15975
 2363 5971 19399
 2530 3636 22570
 1133 -801 16099
 2249 3398 16402
 3509 8924 15677
 2608 3249 13912
 4067 7538 15308
 2795 6209 14696
 3721 5615 15019
 2510 5609 15116
 3196 5815 14650
 2313 6744 14800
 2703 6195 14335
 3051 6843 14362
 2762 6629 14285
 2915 6878 14769
 3125 6122 14309
 3087 6978 14288
 2856 6309 14821
 3141 6063 14387
 3083 6389 14622
 3319 5884 14924
 3111 6023 14854
 3157 5777 14942
 3018 5558 14778
 3525 5847 15059
 3775 5349 14798
 3920 5822 15560
 3149 5044 14155
 2295 7925 16128
 2389 4943 17893
 3798 11995 17712
 1081 3842 15310
 1486 14358 13727
 1473 12143 10480
 2931 17318 6495
 3401 15716 8242
 1496 13801 7551
 1223 12483 6649
 3974 10718 5032
 6202 11094 7759
 2845 4710 10938
Repetition End
0
 3699 7194 14660
 1130 3560 13074
 5240 5613 12800
 5497 7690 12983
 2703 7207 13848
 5166 7199 13959
 4382 7771 13340
 4408 7403 13718
 3843 8233 13133
Repetition Start
 3456 6699 11182
 4104 7540 9297
 4052 8744 10960
 6060 11271 9749
 2895 12021 9435
 4129 14837 6975
 4774 13420 8287
 3017 16510 6438
 5142 15135 8438
 4426 17800 6975
 8402 19772 8218
 222 9897 8502
 4119 12877 5133
 3341 13569 5721
 3402 14005 6527
 2845 13812 6208
 2954 14479 6601
 2852 15174 7655
 3169 14009 8463
 3184 16109 9269
 3230 14741 10901
 3759 12327 5697
 3910 14532 5237
 3656 13793 7486
 3864 14795 9860
 6524 13607 9992
 3041 15967 13295
 1931 7251 12518
 6866 2334 12681
 -471 130 13204
 1371 2485 11005
Repetition End
0
 4933 2885 14703
4681 15115 -159
 5556 15698 229
 1889 15567 -1111
 2177 15771 -37
 3296 16076 1248
 3839 15160 1162
 3609 16884 1781
 3442 14833 2218
 4136 13869 2284
 3765 14815 1053
 3084 15643 2352
 3989 14800 740
 3577 16312 921
 3751 15313 60
 3830 16641 -561
 3451 15066 -1241
 3193 15308 -404
 3966 14640 -1604
 2501 16337 -959
 3272 15704 -1631
 3014 16871 -1335
 2718 15901 -1848
 2280 15443 -1730
 2677 15562 -1007
 2542 16097 -612
 2478 16476 576
 2862 15109 1352
 2158 15755 1170
 2462 15699 1363
 2615 16287 1184
 2774 15326 789
 3525 17667 650
 3787 15331 1978
 4874 15870 1904
 3077 14698 2719
 5037 14045 2349
 6528 14697 2937
 4642 15772 3135
 5415 14753 2789
 5280 14980 3149
 4653 17548 1938
 6342 16732 1828
 6766 13800 3234
 5338 14787 3685
 5777 17271 1137
 3485 11798 3499
 3581 16763 5486
 1683 13051 4359
 4314 18721 -437
 6101 10752 14911
 7179 8518 3233
 5100 17151 2180
 -2918 31890 1486
 5048 13557 2269
 8405 14612 -155
 6383 18153 -299
 5703 12789 2615
 7442 14207 1431
 1278 17076 2358
 6334 14598 3019
 8409 14847 3496
 3209 15938 2582
 4100 15291 3650
 6201 14624 2013
 3629 16707 2474
 7459 12757 1511
 2859 13317 2894
 2275 13932 2317
 5396 16989 1426
 1886 16425 1491
 5100 16725 2337
 4576 14313 1666
 6270 14803 707
 3344 14640 1998
 6392 15498 2640
 3540 15637 937
 5285 17406 -744
 4057 13890 3069
 4319 14665 3310
 3899 15595 2719
 5243 14759 2339
 4473 14045 3612
 2245 16421 4268
 3970 15156 3262
 4657 14645 1320
 4899 14594 3017
 3845 15563 -1455
 3118 16054 617
 2883 14564 1417
 6127 16196 585
 2115 16014 196
 2109 14809 17
 3189 16595 -1022
 5905 15973 480
 2822 14578 -2267
 973 15058 5253
 1865 14931 5407
 2524 13305 5127
 3649 16541 6647
 3126 14706 7332
 3886 15037 5503
 417 15526 5910
 2534 11901 5702
 3164 14799 5773
 3961 15516 5878
 -1325 16195 9780
 243 6322 8700
 2689 18800 4467
 1677 16689 6358
 -85 8328 5173
 1983 12017 4779
 1091 12949 5081
 2127 22615 6528
 1829 8939 2570
 3675 22963 5851
 1131 13651 4319
 2302 10960 5065
 3391 13451 7334
 3157 13168 8894
 3659 9955 10771
 2201 10374 11910
 2350 6491 12889
 2298 6757 12824
 288 5038 15333
 528 4510 15604
 974 2574 14186
 2924 -113 16220
 1432 -1114 14646
 3780 -9769 29159
 702 -7093 11237
 2153 -6396 15127
 1229 -7885 14260
 2270 -7113 15811
 1720 -6791 14818
 1565 -7191 14892
 1446 -7343 14610
 1213 -8075 14881
 1306 -8106 14749
 1156 -8685 14111
 1551 -7040 14608
 957 -6832 14617
 757 -6956 14577
 190 -7238 14916
 -104 -6440 15539
 742 -6748 15215
 599 -5893 15688
 887 -6427 15358
 236 -6067 15410
 1042 -6474 15122
 428 -6684 15080
 110 -6477 15050
 554 -7108 14751
 1096 -6599 14818
 877 -6342 14894
 337 -6105 15249
 429 -5835 15106
 632 -6529 15160
 403 -6296 15138
 911 -6276 15396
 311 -5959 14951
 660 -6549 15449
 346 -5975 15281
 185 -6053 15110
 279 -6068 15286
 216 -6295 15075
 241 -5939 15563
 274 -6015 15157
 360 -6206 15282
 248 -6062 15508
 195 -6207 15441
 61 -6222 15166
 -235 -6190 15345
 -87 -6391 15104
 279 -6096 15271
 199 -6220 15316
 173 -6354 15329
 102 -6215 15278
 30 -6342 15185
 35 -5950 15459
 79 -6153 15160
 -110 -5927 7550
 -1753 -17904 8676
 -3387 -11127 16205
 264 -2532 7454
Repetition Start
 7240 13163 17130
 -1873 -682 12186
 3182 3168 10622
 -2471 9431 14008
 4232 6736 14472
 2016 8059 11925
 1365 7537 12331
 2510 10507 13358
 2309 9351 11888
 2427 10454 10592
 2945 11888 9033
 3140 13363 8534
 3292 14149 6234
 2851 13815 4608
 2940 14640 3378
 2768 15739 2577
 2703 16295 923
 2463 16258 -40
 3040 16031 -868
 2120 16149 -1244
 2355 15849 -1940
 2360 16358 -1971
 2092 16084 -2386
 2747 16597 -2457
 2332 16381 -1825
 2430 15767 -1378
 2668 15932 -807
 2947 15860 -25
 2143 15421 1049
 2655 15351 2380
 2221 15473 3479
 1710 14967 5532
 3200 16185 5672
 3844 12077 6312
 3487 12942 8815
 3394 10606 9383
 1143 10422 11115
 719 6424 11863
 3910 7904 14519
 -897 5691 13906
 4558 2583 15414
 3828 4050 15823
 2193 3844 16250
 2796 1430 17017
 -226 -3138 19347
 -1140 -12391 15214
 857 5123 12357
Repetition End
0
 2160 -12177 16040
 292 -11294 12931
 -646 -5506 15630
Repetition Start
 -1917 -9431 13665
 -1177 -7779 15250
 463 -8651 12758
 5655 -15693 16426
 -2477 -15974 11309
 6249 -12341 7801
 6765 15305 22101
 1549 1904 11626
 950 1776 13150
 1215 6565 13944
 1263 9026 13519
 2887 8051 13959
 2483 8487 12505
 1716 8121 13634
 2886 8239 12745
 1661 8830 9818
 1294 11861 8490
 2276 14191 5722
 2486 15050 4104
 1776 14993 2217
 3158 16945 522
 2059 16678 770
 2726 15929 -725
 2621 15865 -1377
 1853 16512 -1171
 2564 16466 -1881
 2513 15905 -1414
 1914 16536 -1117
 2133 15749 -857
 2248 16090 -142
 2442 15861 467
 2092 15938 710
 2416 15920 2147
 2454 15452 2833
 2568 14801 3379
 2047 15042 4321
 3213 14598 5333
 1773 14381 6371
 2900 13552 7231
 2980 13641 7600
 1600 13452 8817
 2064 11364 9748
 2317 10965 10999
 1641 8799 11155
 1890 9012 12620
 1853 6981 13972
 743 11298 15134
 2341 3319 15842
 1052 2619 15673
 -97 115 18603
 535 -850 15373
 1563 -6348 15875
 1119 -6833 11993
 1360 -3913 15536
Repetition End
0
 2171 -13965 14526
 690 -7707 13836
 245 -10265 14046
Repetition Start
 383 -7152 14544
 -1375 -6440 14473
 -808 -7107 14919
 -329 -7011 14808
 -1073 -8533 9214
 -7221 -24805 29850
 4223 -11752 11967
 -5605 -6189 4772
 2214 4092 11841
 2328 6444 15920
 44 5192 12751
 1034 7668 13160
 2204 8810 13929
 1573 6690 11064
 1498 9397 12531
 1770 8471 8383
 3134 12159 6432
 2446 16019 5188
 2754 15121 2229
 3023 15364 167
 2482 17174 -294
 2756 16660 -971
 2917 15895 -1472
 3658 16370 -2755
 2667 16206 -2024
 2975 16232 -2109
 2331 16398 -1969
 2909 15396 -1356
 2677 16220 -373
 2853 15671 -415
 2570 15941 190
 2665 16099 1017
 3036 15497 1420
 3068 15895 3021
 2425 14635 3612
 2585 15204 4262
 2819 14590 5299
 2638 14383 7022
 2463 13957 8194
 1419 12651 8597
 3681 10378 9883
 2000 9693 10980
 3583 7443 13506
 2921 16349 13148
 1607 5536 13422
 1581 3202 16966
 4539 7755 11915
 -233 3045 17230
 1357 2224 15094
 1989 1913 17023
 -71 -12799 22711
 300 -4988 19090
 1023 -3690 14072
 1416 -12625 14332
 570 -9923 14565
Repetition End
0
 664 -9863 14651
 -1035 -7443 15114
 -1159 -7203 14468
 233 -6993 15292
 1538 -7033 15055
 913 -7813 11530
Repetition Start
 1451 -5028 12652
 -3414 -16696 16748
 -5615 -11053 17792
 19681 26004 11944
 3426 -3170 17890
 1225 3988 12309
 2942 8245 13990
 2250 6352 13379
 3122 6429 14264
 1471 7638 12712
 2079 9059 11271
 2746 9829 10818
 2703 10572 8069
 3578 13815 7167
 2499 14514 4721
 3134 14976 2606
 3125 16235 1559
 2724 16286 77
 2723 15994 -520
 2428 16549 -768
 1637 16790 -1055
 2519 15937 -2013
 1288 16475 -1627
 1673 15860 -1671
 1105 15603 131
 1737 16955 677
 1212 16242 636
 1075 15443 1480
 1891 16435 2397
 1888 16025 2948
 1715 14507 3300
 1396 14473 5140
 1941 14578 6528
 2004 13617 6151
 2193 12461 8152
 2041 12023 9702
 1771 11773 12439
 2834 7540 10799
 2524 8718 13771
 3016 5020 14342
 1780 2253 14967
 1758 565 15198
 3905 656 15153
 2106 -4617 12252
 8272 28 27640
 -1165 -16245 14007
 4868 -3998 13858
 791 -12692 12572
 1675 -6781 14207
 464 -8806 14566
 -171 -6982 14419
Repetition End
0
 -757 -7614 14485
 209 -8570 13280
 2648 -10706 14088
 -3426 -16991 13148
 2643 -10314 12340
 5629 9215 17790
Repetition Start
 974 -612 15555
 1617 2611 12267
 2041 8330 13326
 2315 7807 15184
 1246 5999 15076
 46 8038 14917
 234 5539 15070
 1710 9598 11837
 2204 10096 10042
 1109 9627 8639
 1659 13498 8029
 1880 14980 6294
 2062 14479 3182
 2307 15970 1386
 1694 16386 471
 2110 16484 -1122
 2149 16621 -1489
 1564 16188 -1675
 1633 16148 -2073
 1819 15564 -2859
 1774 17326 -2130
 2071 15372 -1773
 1567 15783 -1391
 1760 16131 -931
 1982 15824 -527
 1838 15520 -672
 1360 16365 -409
 2365 16201 -348
 2255 16100 402
 2273 15595 609
 2441 16394 2060
 2308 14951 2605
 2117 14976 3970
 3282 15975 5865
 2264 13145 7023
 2798 12683 7477
 2856 12470 8631
 2888 10848 9431
 3259 10465 12104
 2290 7163 11772
 3978 6698 3003
 575 3705 16084
 2627 3580 15050
 2061 2657 13309
 1674 329 16511
 686 -2227 13095
 4337 -3394 23203
 627 -9942 10553
 1931 -8778 14113
 -443 -13048 13035
Repetition End
0
 -166 -6436 14340
 -623 -9859 14340
 622 -6489 14849
 120 -6950 15069
 547 -6859 15101
 317 -6983 14417
 1197 -7536 14604
 412 -7549 14519
 -67 -7438 14790
 93 -7472 14728
 305 -7475 14686
 202 -7688 14537
 110 -7734 14409
 637 -7056 14568
 895 -7396 14739
 414 -7413 14527
 381 -7505 14694
 238 -7468 14630
 440 -7294 14690
 202 -7663 14588
 313 -7594 14579
 229 -7549 14580
 300 -7491 15081
 390 -7554 14819
 290 -7703 14504
 375 -8116 14814
 371 -7302 14593
 17 -7874 15320
 570 -7465 15080
 256 -7448 14523
 295 -7650 14652
 283 -7372 14960
 90 -7679 14902
 325 -7333 14551
 256 -7367 14786
 277 -7796 14598
 450 -7562 14887
 -79 -7417 14624
 204 -7639 14718
 -413 -7381 14269
 168 -7503 14266
 120 -7594 14514
 -74 -7555 14483
 -289 -7494 14582
 -308 -7913 14617
 -242 -7495 14436
 -76 -7489 14717
 179 -7725 14459
 -319 -7720 14404
 -173 -7748 14533
 -181 -7282 14623
 -323 -7634 14830
 -659 -7766 14426
 152 -6766 14658
 -631 -7464 14765
 159 -6524 14901
 -23 -7420 14901
 106 -7176 15239
 77 -7250 14774
 -183 -7412 14488
 -220 -7367 13727
 -1142 -5901 12565
 804 -7725 14981
 -206 -9515 19107
 1817 -7661 18188
Repetition Start
 -735 -5006 14591
 -514 -7306 17228
 2818 3086 14888
 781 -2295 13620
 668 3907 17820
 -404 -632 15312
 74 1990 12060
 101 896 14713
 1164 1247 16134
 1760 5975 14841
 906 2609 14449
 304 5427 17907
 665 5517 16287
 1158 4396 15200
 923 4229 15028
 974 5227 15609
 1351 6453 14613
 1038 6293 14792
 1851 7065 15384
 2010 5917 13746
 1253 6352 10036
 1462 9507 11478
 1465 6525 10552
 3534 6405 13130
 2720 3423 12975
 1578 -64 12772
Repetition End
0
 8236 565 28096
 -1536 -13416 12708
 2036 -7309 12962
 -199 -9400 14656
 894 -4976 13569
 1505 -7788 14785
 588 -7589 14791
 610 -7751 15491
 1035 -6358 15795
 1314 -7334 15201
 680 -6424 15458
 1118 -6828 15120
 714 -6713 14723
 974 -6143 14812
 1102 -7297 14835
 1370 -6464 15579
 839 -6804 14635
 617 -6631 15107
 675 -7060 15185
 755 -7039 14921
 459 -6994 14949
 954 -6456 14838
 777 -7641 13744
 1852 -8298 14922
 -344 -6368 14897
 -2113 -4584 13955
Repetition Start
 1558 -7414 16030
 -403 -10877 13296
 26 -9130 17775
 2831 -4012 18096
 -12 4898 16614
 891 -6313 13619
 3846 6158 20272
 70 -4094 6311
 3621 -1589 15370
 514 3350 14001
 -1019 1011 15211
 1925 2018 13390
 1360 6681 15839
 5 1824 14906
 222 6098 15246
 -171 2232 9510
 539 6005 8535
 3425 -411 15520
 2070 -13789 6230
 513 -7065 17829
Repetition End
0
 3418 -10492 10428
 2429 -12838 7485
 1548 -4692 10570
 -794 -11821 14461
 -172 -7066 15473
 -1654 -8796 13791
 -1447 -7900 14321
 -163 -7427 14777
 -483 -10030 13686
 -46 -9001 13767
 614 -8655 14878
 992 -8416 14633
 788 -7319 14295
 661 -8588 14191
 368 -7173 15113
 -38 -8484 14460
 -317 -7111 14561
 590 -8781 15160
 -171 -9691 13360
 1063 -6385 14054
 439 -6866 14191
 686 -6641 14676
 843 -7531 15370
 1860 -4088 14305
 1260 -5242 16179
 100 -9884 17875
 1549 -8252 18197
 -304 -6904 16796
 1121 -6494 17503
 -98 -6910 17481
 329 -5814 17090
 336 -4372 15344
 1117 -2960 15779
 713 -2403 16248
 1414 -549 13488
 1609 2418 13400
 1536 3379 15096
 1949 2533 16208
 1901 724 14798
 1047 689 13621
 1626 43 13625
 1355 -1095 14552
 7940 -3323 25747
 253 -4581 10123
 1886 -9170 17179
 17 -6286 15219
 -1246 -6649 15679
 -414 -5781 15637
 -883 -6522 15036
 -381 -6695 14896
 -192 -6589 14665
 -60 -7150 15034
 125 -6673 14972
 316 -6607 15105
 83 -6859 15197
 -1288 -7598 14468
 -210 -8810 14680
 998 -4789 14388
 26 -6558 15463
 685 -6567 15182
 -698 -4145 15014
 1492 -2944 13346
 1421 -9021 14752
 3002 -556 16443
 3773 -7533 12662
Repetition Start
 4484 -825 17038
 -87 -3068 15677
 -693 -2463 16265
 3899 1874 19277
 3590 -15 13725
 681 493 15499
 1754 1496 13551
 1233 3300 13605
 1273 6720 13913
 2020 5282 15386
 -192 1397 10933
 -106 2123 9048
 -296 2350 13082
 635 -4164 2182
Repetition End
0
 3955 -18714 4568
 1278 -1352 17255
 -1219 -15339 11740
 -1169 -5817 14417
 -1642 -10883 13279
 -767 -6394 14524
 -1267 -7940 13957
 -459 -7326 14424
 1318 -7965 14070
 -617 -7702 14357
 -845 -7548 14439
 -1059 -7872 14481
 -93 -7605 14307
 -827 -8046 14469
 -680 -8091 14070
 -5 -8040 14392
 -534 -7609 14466
 -282 -8037 14498
 -1349 -7297 15206
 14 -7760 13199
 284 -6049 16169
 -3504 -8819 13883
 1691 -12263 15575
 1428 -4948 12922
 -3562 -9451 16067
Repetition Start
 3160 -414 16046
 2391 -4754 16555
 3135 -291 19370
 2174 -7093 14897
 674 -3122 16195
 2827 -2352 14234
 3841 -2478 16129
 3617 -1753 14302
 1766 701 17271
 2545 1385 15840
 1794 1969 15976
 1273 2770 14854
 2532 3533 13428
 1227 6462 15151
 2240 6857 17917
 3268 5354 15259
 2007 5997 15352
 2038 5724 14969
 2248 5855 15512
 2744 6960 14936
 1820 4780 14086
 1855 4551 15061
 2780 5063 16019
 2693 4823 16791
 1505 4686 14908
 2140 4761 15492
 2072 5039 14639
 1648 3593 14965
 1767 2478 14672
 2828 4449 14293
 2214 5030 15621
 2567 5436 15786
 3039 4490 16166
 3171 5857 15348
 2122 3783 16101
 2143 2275 16436
 2483 2383 16178
 3086 2134 15942
 4483 2407 16645
 376 1334 17055
 2968 3607 16079
 4087 2214 14754
 2615 2565 14565
 873 840 16125
 2368 5584 15713
 1851 3148 16545
 2799 6951 13202
 2244 9673 13186
 2835 8640 13341
 2447 9020 12340
 3082 9315 12871
 2379 8589 13620
 1740 8128 13034
 1962 12303 8949
 2245 11903 7443
 1736 14838 6805
 2367 14280 4877
 2002 15594 3627
 2263 16239 2194
 1916 17000 2514
 2324 15966 2700
 2142 15832 3001
 2400 15039 3696
 2511 14790 4730
 1945 13631 6226
 2800 13607 8135
 -14 10624 9317
 1342 7389 10507
 1332 1213 9396
 59 1537 13378
 1625 -4367 12643
 16189 -27425 32767
 -174 -19949 76
Repetition End
0
 2851 -562 17587
 -3506 -10092 14065
 1162 -8518 14110
 973 -9881 13416
 874 -7414 14085
 -1956 -9180 13465
 989 -6356 14500
 617 -11841 12345
 49 -6763 14520
 400 -10141 13870
 20 -7191 14463
 324 -8904 14167
 201 -8258 14179
 131 -8481 13246
 167 -8252 14073
 -64 -7896 14726
 -75 -8551 14240
 319 -7806 14074
 176 -8220 14365
 -351 -8197 14249
 604 -8100 13906
 222 -9296 15285
 393 -8413 13672
 52 -7834 14112
 -258 -8265 14418
 -32 -7817 14449
 0 -7892 14205
 245 -8456 14182
 346 -7676 14485
 332 -7817 14236
 616 -8458 13846
 433 -9450 14519
 41 -7484 14229
-150 -8202 14369
 -236 -7553 17446
 -1078 -12296 12376
 753 -8140 14118
 140 -8090 14032
 301 -10381 13404
 229 -9034 13906
 -338 -8005 14614
 -894 -9530 14197
 69 -8777 14301
 -208 -9158 14791
 366 -8261 14319
 216 -9184 14704
 -888 -9698 14715
 -973 -9046 14086
 -552 -8735 14430
 -142 -8550 14580
 -75 -8931 13762
 558 -8005 14029
 626 -8146 14502
 -790 -6354 14785
 -1799 -7926 14587
 -1598 -7946 14130
 -1028 -8111 14138
 -503 -7732 14681
 -815 -7817 14276
 -843 -7963 14845
 -634 -6838 14939
 -186 -7836 14401
 -224 -7439 15550
 -500 -8031 14360
 -682 -7671 14017
 -847 -8691 13954
 -915 -8194 13886
 -244 -7717 13928
 -625 -7857 14047
 -459 -8397 14010
 -528 -8074 14544
 -500 -9010 14485
 -17 -8422 14724
 -322 -8420 13963
 -1127 -8302 14255
 103 -6622 15147
 612 -21384 12085
 -3763 -18845 14307
 -6008 -28864 -12183
Repetition Start
 3707 -11115 15518
 1106 5245 14077
 3581 8587 12396
 1626 7597 12768
 1607 6980 13925
 1808 6405 14690
 898 4326 12587
 1494 7423 12219
 2473 8748 11002
 2274 11728 10983
 2636 12918 9731
 2416 11779 6741
 2297 14644 6088
 3316 14987 4609
 2928 15698 4526
 3415 16297 3804
 2933 15795 2986
 3391 15134 2726
 3544 15942 2324
 3675 15679 2314
 2780 15705 2165
 3012 15767 2518
 3168 15573 2639
 3162 15410 2879
 2495 15521 3360
 3308 15074 3984
 2674 15062 4414
 2757 14514 4924
 2159 14389 6175
 2867 14099 6988
 3390 12745 8235
 2433 11898 8945
 2857 11973 10255
 2744 8268 12468
 2244 8305 11775
 2818 6417 13111
 2651 4555 14954
 3194 901 12359
 2267 -686 13439
 1336 -2783 15944
 2732 -2453 14152
 -472 -9549 20040
 574 -3444 13791
 3554 -8773 15398
Repetition End
0
 81 -10907 13236
 -42 -9728 15510
 -328 -7557 14580
 -284 -8900 14310
 192 -8022 14515
 391 -8244 14588
 951 -7705 15124
 421 -7421 14426
 335 -9272 14291
 664 -7534 14432
 351 -7937 14031
 352 -7555 14307
 -886 -9913 13890
 1170 -7662 14654
 391 -8149 14246
 -715 -7539 14655
 -476 -7943 14502
 -61 -8013 14292
 126 -8281 14255
 68 -8012 13701
 241 -7899 14216
 -28 -7769 14445
 -170 -8104 14257
 368 -8911 14703
 -507 -7284 14516
 -139 -8647 14101
 -31 -8042 14417
 -200 -8177 14098
 -96 -8356 14483
 -191 -8167 14031
 -127 -8375 14355
 389 -7907 14206
 -69 -8336 14196
 -277 -7834 15171